0 0.580591 0.775949 0.152743 0.113924
0 0.716456 0.961392 0.137553 0.072152
0 0.724051 0.644937 0.274262 0.105063
0 0.884388 0.552532 0.189873 0.077215
0 0.740506 0.458861 0.060759 0.039241
0 0.464979 0.577215 0.216878 0.121519
0 0.261181 0.513924 0.129958 0.073418
0 0.356118 0.443671 0.090295 0.044304
0 0.100000 0.482278 0.055696 0.032911
0 0.540084 0.431646 0.112236 0.060759
0 0.684810 0.384177 0.145148 0.072152
0 0.475527 0.308861 0.106329 0.045570
0 0.372152 0.379114 0.112236 0.054430
0 0.359916 0.327848 0.069198 0.048101
0 0.361181 0.266456 0.064979 0.059494
0 0.439662 0.261392 0.064979 0.036709
0 0.520675 0.260127 0.064979 0.041772
0 0.651899 0.280380 0.064135 0.039241
0 0.575527 0.351266 0.054852 0.049367
0 0.481013 0.386076 0.037975 0.017722
0 0.659494 0.525949 0.162025 0.072152
0 0.451899 0.489241 0.077637 0.049367