0 0.322646 0.807359 0.228084 0.294372
0 0.611201 0.755411 0.121753 0.187590
0 0.876623 0.922078 0.212662 0.145743
0 0.810065 0.696970 0.129870 0.131313
0 0.702922 0.527417 0.121753 0.089466
0 0.550731 0.512266 0.112825 0.125541
0 0.486201 0.605339 0.086039 0.075036
0 0.373782 0.556999 0.103084 0.122655
0 0.373377 0.412698 0.136364 0.111111
0 0.113231 0.404040 0.210227 0.191919
0 0.495942 0.410534 0.069805 0.054834
0 0.606331 0.433622 0.069805 0.043290
0 0.635146 0.386003 0.041396 0.040404
0 0.536932 0.361472 0.062500 0.025974
0 0.512175 0.331169 0.056818 0.025974
0 0.443994 0.321068 0.060065 0.046176
0 0.499188 0.248918 0.061688 0.063492
0 0.260552 0.459596 0.051948 0.063492