0 0.144387 0.551899 0.235244 0.194937
0 0.373224 0.588608 0.145540 0.126582
0 0.585585 0.536076 0.167509 0.125316
0 0.623572 0.674051 0.122657 0.102532
0 0.521053 0.857595 0.148286 0.127848
0 0.375970 0.397468 0.290165 0.126582
0 0.156287 0.348734 0.083297 0.059494
0 0.429976 0.252532 0.213276 0.102532
0 0.866139 0.301266 0.256297 0.111392
0 0.331576 0.117089 0.084212 0.046835
0 0.083059 0.125949 0.052175 0.036709
0 0.096789 0.199367 0.064990 0.051899
0 0.498627 0.069620 0.249890 0.088608
0 0.200223 0.041139 0.033868 0.034177