0 0.330357 0.631250 0.199675 0.212500
0 0.622565 0.590179 0.157468 0.183929
0 0.757305 0.518750 0.095779 0.116071
0 0.488636 0.496429 0.115260 0.100000
0 0.595373 0.436607 0.106331 0.073214
0 0.465503 0.348214 0.081981 0.092857
0 0.381088 0.372321 0.086851 0.083929
0 0.572240 0.348214 0.089286 0.107143
0 0.633117 0.237500 0.115260 0.064286
0 0.508929 0.200893 0.089286 0.055357
0 0.588068 0.163393 0.075487 0.062500
0 0.699269 0.352679 0.043019 0.062500
0 0.291396 0.434821 0.077922 0.116071
0 0.534497 0.923214 0.192370 0.153571